1724727642.6064463
1724727657.9306395
1724727657.9975677
1724727658.031013
1724727658.0644615
1724727658.097911
1724727658.1313436
1724727658.1647735
1724727658.1982028
1724727658.2316191
1724727658.2650328
1724727658.2984416
1724727658.3318458
1724727658.3652444
1724727658.39864
1724727658.4320292
1724727658.465415
1724727658.498795
1724727658.5321722
1724727658.5655432
1724727658.5989103
1724727658.6322756
1724727658.665637
1724727658.6989923
1724727658.7323477
1724727658.7656975
1724727658.7990432
1724727658.8323889
1724727658.8657308
1724727658.8990667
1724727658.9324057
1724727658.9657393
1724727658.9990695
1724727659.0323937
1724727659.065715
1724727659.0990305
1724727659.1323428
1724727659.1656494
1724727659.1989527
1724727659.2322505
1724727659.2655447
1724727659.2988336
1724727659.332119
1724727659.3653986
1724727659.398675
1724727659.431946
1724727659.4652133
1724727659.4984753
1724727659.531734
1724727659.5649867
1724727659.5982363
1724727659.6314805
1724727659.6647213
1724727659.6979563
1724727659.7311878
1724727659.764414
1724727659.7976367
1724727659.830854
1724727659.8640676
1724727659.8972785
1724727659.9306302
1724727659.96398
1724727659.9973307
1724727660.0306795
1724727660.0640287
1724727660.0973768
1724727660.130725
1724727660.1640718
1724727660.197419
1724727660.2307646
1724727660.2641108
1724727660.2974555
1724727660.3308005
1724727660.3641443
1724727660.3974884
1724727660.4308307
1724727660.4641738
1724727660.4975152
1724727660.530857
1724727660.5641975
1724727660.5975382
1724727660.6308775
1724727660.6642172
1724727660.6975553
1724727660.7308943
1724727660.7642314
1724727660.797569
1724727660.830905
1724727660.8642416
1724727660.8975768
1724727660.9309072
1724727660.9642355
1724727660.9975643
1724727661.0308907
1724727661.0642173
1724727661.097542
1724727661.1308668
1724727661.1641898
1724727661.1975126
1724727661.2308338
1724727661.2641547
1724727661.2974741
1724727661.3307931
1724727661.3641107
1724727661.3974283
1724727661.4307437
1724727661.4640594
1724727661.497373
1724727661.5306869
1724727661.5639985
1724727661.5973105
1724727661.6306207
1724727661.6639307
1724727661.697239
1724727661.7305472
1724727661.7638535
1724727661.79716
1724727661.8304646
1724727661.863769
1724727661.8970726
1724727661.9304216
1724727661.96377
1724727661.9971194
1724727662.030468
1724727662.0638177
1724727662.0971663
1724727662.130516
1724727662.1638649
1724727662.1972148
1724727662.2305636
1724727662.2639139
1724727662.297263
1724727662.3306131
1724727662.3639624
1724727662.3973126
1724727662.4306622
1724727662.4640126
1724727662.4973624
1724727662.5307128
1724727662.5640628
1724727662.5974135
1724727662.6307635
1724727662.6641145
1724727662.6974647
1724727662.7308156
1724727662.7641659
1724727662.797517
1724727662.8308675
1724727662.864219
1724727662.8975694
1724727662.9309175
1724727662.9642644
1724727662.9976125
1724727663.0309596
1724727663.064308
1724727663.097655
1724727663.1310031
1724727663.1643503
1724727663.1976988
1724727663.231046
1724727663.2643943
1724727663.2977414
1724727663.3310897
1724727663.3644373
1724727663.3977857
1724727663.431133
1724727663.4644814
1724727663.4978292
1724727663.5311775
1724727663.5645251
1724727663.5978734
1724727663.6312213
1724727663.6645699
1724727663.6979175
1724727663.731266
1724727663.7646139
